# relative_time, cycles_done, cur_item, corpus_count, pending_total, pending_favs, map_size, saved_crashes, saved_hangs, max_depth, execs_per_sec, total_execs, edges_found
61, 0, 2, 1029, 1028, 183, 11.29%, 0, 0, 2, 1115.55, 57964, 2348
66, 0, 2, 1037, 1036, 183, 11.34%, 0, 0, 2, 1107.14, 63462, 2357
71, 0, 2, 1046, 1045, 183, 11.35%, 0, 0, 2, 1136.59, 69210, 2360
76, 0, 2, 1057, 1056, 183, 11.40%, 0, 0, 2, 1147.82, 74974, 2371
81, 0, 2, 1059, 1058, 183, 11.41%, 0, 0, 2, 1144.87, 80733, 2372
86, 0, 2, 1085, 1084, 183, 11.55%, 0, 0, 2, 748.31, 84170, 2402
91, 0, 1055, 1101, 1099, 195, 11.56%, 0, 0, 3, 139.52, 86940, 2403
96, 0, 1055, 1102, 1100, 195, 11.56%, 0, 0, 3, 158.04, 87801, 2403
101, 0, 1055, 1109, 1107, 195, 11.57%, 0, 0, 3, 565.20, 90431, 2405
107, 0, 1055, 1113, 1111, 195, 11.57%, 0, 0, 3, 1096.62, 94988, 2406
112, 0, 1055, 1115, 1113, 195, 11.58%, 0, 0, 3, 1149.92, 101010, 2407
117, 0, 1055, 1121, 1119, 195, 11.58%, 0, 0, 3, 1150.01, 106712, 2407
122, 0, 1055, 1124, 1122, 195, 11.58%, 0, 0, 3, 1151.09, 112588, 2407
127, 0, 1055, 1126, 1124, 195, 11.59%, 0, 0, 3, 1131.46, 118446, 2409
132, 0, 546, 1136, 1131, 199, 11.60%, 0, 0, 4, 1020.17, 123680, 2411
137, 0, 546, 1161, 1156, 199, 11.65%, 0, 0, 4, 881.89, 127952, 2422
142, 0, 411, 1167, 1159, 200, 11.65%, 0, 0, 4, 989.78, 133086, 2422
147, 0, 64, 1175, 1165, 200, 11.65%, 0, 0, 4, 1021.96, 138457, 2422
152, 0, 1042, 1197, 1186, 201, 11.68%, 0, 0, 4, 937.84, 143001, 2429
158, 0, 712, 1212, 1199, 200, 11.70%, 0, 0, 4, 969.33, 148200, 2433
163, 0, 712, 1233, 1220, 200, 11.73%, 0, 0, 4, 987.98, 153365, 2439
168, 0, 712, 1244, 1231, 200, 11.73%, 0, 0, 4, 983.94, 158469, 2439
173, 0, 712, 1259, 1246, 200, 11.73%, 0, 0, 4, 960.68, 163263, 2439
178, 0, 712, 1271, 1258, 200, 11.74%, 0, 0, 4, 935.73, 167948, 2441
183, 0, 712, 1280, 1267, 200, 11.75%, 0, 0, 4, 939.79, 172837, 2444
188, 0, 1217, 1302, 1288, 204, 11.82%, 1, 0, 4, 922.84, 177487, 2458
193, 0, 1217, 1315, 1301, 204, 11.84%, 1, 0, 4, 918.03, 182055, 2461
198, 0, 1217, 1324, 1310, 204, 11.85%, 1, 0, 4, 945.26, 186880, 2464
203, 0, 1217, 1336, 1322, 204, 11.87%, 1, 0, 4, 962.94, 191697, 2468
208, 0, 1217, 1351, 1337, 204, 11.87%, 1, 0, 4, 982.32, 196662, 2468
213, 0, 1217, 1359, 1345, 204, 11.89%, 1, 0, 4, 990.57, 201609, 2473
218, 0, 1217, 1363, 1349, 204, 11.90%, 1, 0, 4, 1005.01, 206642, 2475
224, 0, 816, 1368, 1351, 204, 11.92%, 1, 0, 4, 1071.65, 212184, 2478
229, 0, 1299, 1371, 1352, 205, 11.94%, 1, 0, 4, 960.49, 216963, 2483
234, 0, 1299, 1381, 1362, 205, 11.96%, 1, 0, 5, 958.03, 221767, 2486
239, 0, 1299, 1389, 1370, 205, 11.98%, 1, 0, 5, 973.17, 226676, 2491
244, 0, 1299, 1397, 1378, 205, 11.98%, 1, 0, 5, 957.31, 231510, 2491
249, 0, 1299, 1402, 1383, 205, 11.98%, 1, 0, 5, 966.65, 236414, 2491
254, 0, 1299, 1407, 1388, 205, 11.98%, 1, 0, 5, 945.08, 241299, 2491
259, 0, 1299, 1410, 1391, 205, 11.98%, 1, 0, 5, 943.76, 246110, 2491
264, 0, 1299, 1416, 1397, 205, 11.98%, 1, 0, 5, 932.29, 250838, 2491
269, 0, 1299, 1431, 1412, 205, 11.98%, 1, 0, 5, 906.47, 255374, 2491
274, 0, 1338, 1435, 1415, 207, 11.98%, 1, 0, 5, 1022.48, 260664, 2491
280, 0, 1338, 1436, 1416, 207, 11.99%, 1, 0, 5, 1036.98, 266112, 2493
285, 0, 1338, 1439, 1419, 207, 11.99%, 1, 0, 5, 1001.47, 271065, 2494
290, 0, 1338, 1440, 1420, 207, 11.99%, 1, 0, 5, 1010.71, 276184, 2494
295, 0, 1338, 1440, 1420, 207, 11.99%, 1, 0, 5, 1040.96, 281424, 2494
300, 0, 1338, 1443, 1423, 207, 12.00%, 1, 0, 5, 1037.07, 286708, 2496
305, 0, 1342, 1444, 1423, 208, 12.00%, 1, 0, 5, 1002.74, 291808, 2496
310, 0, 822, 1450, 1427, 207, 12.00%, 1, 0, 5, 1004.79, 297074, 2496
315, 0, 779, 1453, 1428, 205, 12.00%, 1, 0, 5, 895.40, 301511, 2496
320, 0, 779, 1474, 1449, 205, 12.12%, 1, 0, 5, 913.82, 306260, 2521
325, 0, 779, 1484, 1459, 205, 12.16%, 1, 0, 5, 936.70, 310948, 2528
330, 0, 779, 1498, 1473, 205, 12.19%, 1, 0, 5, 961.77, 315781, 2535
335, 0, 779, 1506, 1481, 205, 12.36%, 1, 0, 5, 959.48, 320614, 2571
340, 0, 779, 1514, 1489, 205, 12.36%, 1, 0, 5, 963.09, 325523, 2571
345, 0, 779, 1530, 1505, 205, 12.38%, 1, 0, 5, 788.44, 329502, 2575
351, 0, 1267, 1533, 1507, 208, 12.39%, 1, 0, 5, 775.67, 333317, 2576
356, 0, 150, 1535, 1507, 206, 12.39%, 1, 0, 5, 904.86, 338119, 2576
361, 0, 462, 1539, 1509, 203, 12.39%, 1, 0, 5, 914.61, 342877, 2576
366, 0, 1493, 1542, 1510, 201, 12.39%, 1, 0, 5, 891.41, 347510, 2577
371, 0, 1493, 1556, 1524, 201, 12.42%, 1, 0, 5, 948.36, 352324, 2582
376, 0, 1493, 1565, 1533, 201, 12.45%, 1, 0, 5, 962.63, 357257, 2588
381, 0, 1493, 1576, 1544, 201, 12.45%, 1, 0, 5, 956.35, 362114, 2589
386, 0, 1493, 1589, 1557, 201, 12.47%, 1, 0, 5, 953.39, 366949, 2593
391, 0, 1493, 1597, 1565, 201, 12.48%, 1, 0, 5, 939.95, 371660, 2594
396, 0, 1573, 1621, 1588, 213, 12.56%, 1, 0, 5, 889.54, 376100, 2611
401, 0, 1573, 1645, 1612, 213, 12.58%, 1, 0, 5, 919.50, 380763, 2615
406, 0, 1573, 1658, 1625, 213, 12.58%, 1, 0, 5, 932.76, 385497, 2615
411, 0, 1573, 1673, 1640, 213, 12.58%, 1, 0, 5, 921.09, 390117, 2616
416, 0, 1573, 1680, 1647, 213, 12.59%, 1, 0, 5, 933.52, 394817, 2617
421, 0, 1573, 1687, 1654, 213, 12.59%, 1, 0, 5, 927.61, 399505, 2617
426, 0, 1444, 1694, 1660, 222, 12.59%, 1, 0, 6, 986.25, 404082, 2617
432, 0, 1118, 1698, 1662, 219, 12.59%, 1, 0, 6, 972.33, 408998, 2618
437, 0, 1381, 1703, 1663, 215, 12.59%, 1, 0, 6, 983.82, 413897, 2618
442, 0, 1473, 1705, 1664, 215, 12.59%, 1, 0, 6, 937.79, 418824, 2618
447, 0, 1351, 1712, 1670, 214, 12.59%, 1, 0, 6, 900.98, 423386, 2618
452, 0, 1119, 1723, 1680, 213, 12.59%, 1, 0, 6, 900.96, 427769, 2618
457, 0, 1395, 1725, 1680, 210, 12.60%, 1, 0, 6, 878.39, 432282, 2619
462, 0, 1433, 1729, 1683, 211, 12.60%, 1, 0, 6, 887.10, 436551, 2620
467, 0, 1056, 1733, 1685, 209, 12.60%, 1, 0, 6, 979.86, 441747, 2620
472, 0, 1272, 1750, 1701, 209, 12.60%, 1, 0, 6, 906.10, 446331, 2620
478, 0, 1018, 1762, 1711, 208, 12.61%, 1, 1, 6, 132.55, 450348, 2621
483, 0, 1500, 1780, 1728, 208, 12.61%, 1, 1, 6, 833.42, 454304, 2621
488, 0, 1500, 1786, 1734, 208, 12.61%, 1, 1, 6, 846.04, 458653, 2621
493, 0, 1500, 1794, 1742, 208, 12.62%, 1, 1, 6, 852.08, 462976, 2624
498, 0, 1500, 1802, 1750, 208, 12.69%, 1, 1, 6, 832.74, 467200, 2638
503, 0, 1500, 1808, 1756, 208, 12.69%, 1, 1, 6, 859.88, 471545, 2638
508, 0, 1500, 1810, 1758, 208, 12.69%, 1, 1, 6, 869.33, 475879, 2638
513, 0, 1401, 1813, 1760, 208, 12.69%, 1, 1, 6, 969.54, 480764, 2638
518, 0, 985, 1828, 1773, 206, 12.69%, 1, 1, 6, 728.41, 484540, 2639
523, 0, 1655, 1836, 1780, 203, 12.70%, 1, 1, 6, 609.52, 487400, 2640
529, 0, 1655, 1841, 1785, 203, 12.70%, 1, 1, 6, 886.31, 492284, 2640
534, 0, 1655, 1843, 1787, 203, 12.70%, 1, 1, 6, 957.84, 497322, 2640
539, 0, 1655, 1844, 1788, 203, 12.70%, 1, 1, 6, 972.87, 502270, 2640
544, 0, 1655, 1847, 1791, 203, 12.70%, 1, 1, 6, 964.15, 507158, 2640
549, 0, 1655, 1851, 1795, 203, 12.70%, 1, 1, 6, 969.04, 512054, 2641
554, 0, 1655, 1852, 1796, 203, 12.70%, 1, 1, 6, 964.94, 517021, 2641
559, 0, 1655, 1857, 1801, 203, 12.74%, 1, 1, 6, 976.74, 521979, 2649
564, 0, 1719, 1861, 1804, 204, 12.74%, 1, 1, 6, 865.38, 526230, 2649
569, 0, 1719, 1868, 1811, 204, 12.74%, 1, 1, 6, 852.74, 530553, 2649
574, 0, 1719, 1870, 1813, 204, 12.78%, 1, 1, 6, 164.34, 533773, 2657
579, 0, 1719, 1871, 1814, 204, 12.78%, 1, 1, 6, 463.52, 536132, 2657
585, 0, 1719, 1874, 1817, 204, 12.78%, 1, 1, 6, 53.33, 538910, 2657
590, 0, 1719, 1875, 1818, 204, 12.78%, 1, 1, 6, 96.48, 539437, 2657
595, 0, 1719, 1875, 1818, 204, 12.78%, 1, 1, 6, 147.73, 540216, 2657
600, 0, 1719, 1876, 1819, 204, 12.78%, 1, 1, 6, 146.90, 540944, 2658
605, 0, 1719, 1878, 1821, 204, 12.78%, 1, 1, 6, 209.73, 542024, 2658
610, 0, 1719, 1878, 1821, 204, 12.78%, 1, 1, 6, 126.36, 542542, 2658
615, 0, 1719, 1881, 1824, 204, 12.78%, 1, 1, 6, 285.57, 544151, 2658
620, 0, 1719, 1884, 1827, 204, 12.79%, 1, 1, 6, 492.52, 546803, 2660
625, 0, 1719, 1886, 1829, 204, 12.79%, 1, 1, 6, 577.35, 549873, 2660
630, 0, 1719, 1887, 1830, 204, 12.79%, 1, 1, 6, 726.14, 553887, 2660
636, 0, 1719, 1892, 1835, 204, 12.79%, 1, 1, 6, 717.08, 557553, 2660
641, 0, 1442, 1894, 1836, 207, 12.79%, 1, 1, 6, 741.59, 561383, 2660
646, 0, 1442, 1896, 1838, 207, 12.79%, 1, 1, 6, 133.08, 563000, 2660
651, 0, 1442, 1896, 1838, 207, 12.79%, 1, 1, 6, 204.29, 564161, 2660
656, 0, 1442, 1896, 1838, 207, 12.79%, 1, 1, 6, 262.80, 565542, 2660
661, 0, 1442, 1897, 1839, 207, 12.79%, 1, 1, 6, 334.89, 567302, 2660
666, 0, 1442, 1897, 1839, 207, 12.79%, 1, 1, 6, 330.44, 568797, 2660
671, 0, 1442, 1897, 1839, 207, 12.79%, 1, 1, 6, 766.94, 573411, 2660
676, 0, 1442, 1899, 1841, 207, 12.79%, 1, 1, 6, 247.47, 575052, 2660
682, 0, 1442, 1899, 1841, 207, 12.79%, 1, 1, 6, 387.50, 577014, 2660
687, 0, 1442, 1901, 1843, 207, 12.79%, 1, 1, 6, 819.36, 581784, 2660
692, 0, 1442, 1901, 1843, 207, 12.79%, 1, 1, 6, 1005.73, 587112, 2660
697, 0, 1442, 1902, 1844, 207, 12.79%, 1, 1, 6, 1069.71, 592571, 2660
702, 0, 1442, 1909, 1851, 207, 12.79%, 1, 1, 6, 776.30, 596332, 2660
707, 0, 1901, 1914, 1855, 207, 12.80%, 1, 1, 7, 899.92, 600654, 2661
712, 0, 1800, 1952, 1892, 206, 12.86%, 1, 1, 7, 922.47, 605431, 2673
717, 0, 1800, 1977, 1917, 206, 12.88%, 1, 1, 7, 961.54, 610314, 2679
722, 0, 1800, 1998, 1938, 206, 12.89%, 1, 1, 7, 814.92, 614355, 2681
727, 0, 1800, 2010, 1950, 206, 12.90%, 1, 1, 7, 845.94, 618483, 2683
733, 0, 1800, 2017, 1957, 206, 12.90%, 1, 1, 7, 940.12, 623377, 2683
738, 0, 1800, 2021, 1961, 206, 12.91%, 1, 1, 7, 967.95, 628366, 2685
743, 0, 1294, 2023, 1961, 211, 12.92%, 1, 1, 7, 991.94, 633578, 2686
748, 0, 1294, 2028, 1966, 211, 12.93%, 1, 1, 7, 1015.49, 638678, 2688
753, 0, 1294, 2032, 1970, 211, 12.93%, 1, 1, 7, 998.74, 643695, 2688
758, 0, 1294, 2034, 1972, 211, 12.93%, 1, 1, 7, 1009.80, 648846, 2688
763, 0, 1294, 2035, 1973, 211, 12.93%, 1, 1, 7, 976.25, 653713, 2689
768, 0, 1294, 2038, 1976, 211, 12.93%, 1, 1, 7, 972.58, 658791, 2689
773, 0, 1294, 2040, 1978, 211, 12.93%, 1, 1, 7, 1019.65, 663934, 2689
778, 0, 1006, 2046, 1983, 213, 12.94%, 1, 1, 7, 1055.98, 669263, 2690
783, 0, 1006, 2048, 1985, 213, 12.94%, 1, 1, 7, 1161.30, 675245, 2690
788, 0, 1006, 2049, 1986, 213, 12.94%, 1, 1, 7, 1141.98, 681026, 2690
793, 0, 1006, 2049, 1986, 213, 12.94%, 1, 1, 7, 1176.96, 686891, 2690
798, 0, 1006, 2050, 1987, 213, 12.95%, 1, 1, 7, 1204.76, 693028, 2692
804, 0, 1006, 2052, 1989, 213, 12.99%, 1, 1, 7, 1219.85, 699308, 2701
809, 0, 1380, 2057, 1993, 216, 12.99%, 1, 1, 7, 1050.74, 704496, 2701
814, 0, 1194, 2058, 1992, 214, 12.99%, 1, 1, 7, 1027.85, 709776, 2701
819, 0, 1798, 2061, 1994, 213, 12.99%, 1, 1, 7, 966.95, 714610, 2701
824, 0, 1120, 2063, 1994, 211, 12.99%, 1, 1, 7, 960.71, 719407, 2701
829, 0, 1839, 2064, 1993, 209, 12.99%, 1, 1, 7, 854.30, 723375, 2701
834, 0, 1868, 2066, 1992, 207, 12.99%, 1, 1, 7, 887.90, 727959, 2701
839, 0, 1868, 2075, 2001, 207, 13.00%, 1, 1, 7, 741.14, 731681, 2704
844, 0, 1868, 2082, 2008, 207, 13.00%, 1, 1, 7, 774.63, 735457, 2704
849, 0, 1868, 2086, 2012, 207, 13.00%, 1, 1, 7, 811.93, 739583, 2704
854, 0, 1868, 2090, 2016, 207, 13.00%, 1, 1, 7, 799.96, 743583, 2704
859, 0, 1868, 2090, 2016, 207, 13.00%, 2, 1, 7, 789.63, 747672, 2704
864, 0, 1868, 2094, 2020, 207, 13.00%, 2, 1, 7, 803.67, 751696, 2704
869, 0, 1868, 2095, 2021, 207, 13.00%, 2, 1, 7, 791.94, 755722, 2704
875, 0, 1868, 2097, 2023, 207, 13.01%, 2, 1, 7, 802.86, 759768, 2706
880, 0, 1030, 2100, 2025, 208, 13.01%, 2, 1, 7, 864.01, 764135, 2706
885, 0, 1853, 2102, 2025, 206, 13.01%, 2, 1, 7, 885.84, 768660, 2706
890, 0, 1853, 2112, 2035, 206, 13.12%, 2, 1, 7, 919.69, 773319, 2728
895, 0, 1853, 2115, 2038, 206, 13.12%, 2, 1, 7, 934.68, 778059, 2729
900, 0, 1853, 2118, 2041, 206, 13.14%, 2, 1, 7, 952.12, 782900, 2732
905, 0, 1853, 2120, 2043, 206, 13.15%, 2, 1, 7, 932.35, 787567, 2735
910, 0, 1853, 2121, 2044, 206, 13.15%, 2, 1, 7, 937.53, 792273, 2735
915, 0, 1853, 2123, 2046, 206, 13.15%, 2, 1, 7, 929.28, 797113, 2735
920, 0, 1853, 2123, 2046, 206, 13.15%, 2, 1, 7, 168.08, 799189, 2735
925, 0, 1853, 2123, 2046, 206, 13.15%, 2, 1, 7, 253.37, 800456, 2735
930, 0, 2006, 2123, 2045, 213, 13.15%, 2, 1, 7, 401.84, 802872, 2735
935, 0, 2006, 2130, 2052, 213, 13.16%, 2, 1, 7, 575.33, 805618, 2736
940, 0, 2006, 2137, 2059, 213, 13.16%, 2, 1, 7, 803.28, 810137, 2736
945, 0, 2006, 2142, 2064, 213, 13.17%, 2, 1, 7, 827.20, 814209, 2739
951, 0, 2006, 2144, 2066, 213, 13.21%, 2, 1, 7, 841.79, 818545, 2747
956, 0, 2006, 2147, 2069, 213, 13.22%, 2, 1, 7, 866.81, 823001, 2748
961, 0, 2006, 2150, 2072, 213, 13.24%, 2, 1, 7, 919.43, 827583, 2754
966, 0, 2078, 2151, 2072, 215, 13.24%, 2, 1, 7, 853.39, 831874, 2754
971, 0, 2145, 2157, 2077, 214, 13.24%, 2, 1, 7, 757.44, 835411, 2754
976, 0, 2145, 2163, 2083, 214, 13.25%, 2, 1, 7, 812.85, 839704, 2756
981, 0, 2145, 2165, 2085, 214, 13.25%, 2, 1, 7, 802.31, 843500, 2756
986, 0, 2145, 2168, 2088, 214, 13.25%, 2, 1, 7, 840.92, 847777, 2756
991, 0, 2145, 2172, 2092, 214, 13.26%, 2, 1, 7, 930.98, 852509, 2757
996, 0, 2145, 2177, 2097, 214, 13.26%, 2, 1, 7, 932.32, 857158, 2757
1001, 0, 1566, 2181, 2100, 216, 13.26%, 2, 1, 7, 932.43, 862044, 2757
1006, 0, 1566, 2184, 2103, 216, 13.26%, 2, 1, 7, 102.80, 864763, 2757
1011, 0, 1566, 2188, 2107, 216, 13.27%, 2, 1, 7, 397.64, 866704, 2759
1016, 0, 1566, 2188, 2107, 216, 13.27%, 2, 1, 7, 629.27, 870623, 2759
1021, 0, 1566, 2189, 2108, 216, 13.27%, 2, 1, 7, 795.86, 874522, 2759
1027, 0, 1566, 2189, 2108, 216, 13.27%, 2, 1, 7, 910.87, 879352, 2759
1032, 0, 1566, 2191, 2110, 216, 13.27%, 2, 1, 7, 941.17, 884192, 2760
1037, 0, 1566, 2191, 2110, 216, 13.27%, 2, 1, 7, 939.16, 888872, 2760
1042, 0, 1566, 2191, 2110, 216, 13.27%, 2, 1, 7, 936.68, 893337, 2760
1047, 0, 2024, 2191, 2109, 220, 13.27%, 2, 1, 7, 763.88, 896912, 2760
1052, 0, 2022, 2192, 2109, 219, 13.27%, 2, 1, 7, 931.31, 901189, 2760
1057, 0, 2022, 2197, 2114, 219, 13.27%, 2, 1, 7, 846.28, 905293, 2760
1062, 0, 2022, 2200, 2117, 219, 13.29%, 2, 1, 7, 833.97, 909478, 2763
1067, 0, 2022, 2201, 2118, 219, 13.29%, 2, 1, 7, 801.75, 913726, 2763
1073, 0, 2022, 2204, 2121, 219, 13.29%, 2, 1, 7, 787.69, 917731, 2763
1078, 0, 2022, 2205, 2122, 219, 13.29%, 2, 1, 7, 837.22, 922126, 2763
1082, 0, 2022, 2205, 2122, 219, 13.29%, 2, 1, 7, 840.13, 925494, 2763
